37331
27543
36729
23070
28045
40519
23437
31073
22138
31668
29038
29038
21872
28689
31433
45265
21798
23174
27751
37294
66642
54112
50397
34358
40392
25105
22832
23792
40832
59451
36764
54520
21884
35579
23048
51484
23371
30065
32590
48367
22218
65727
26336
21666
21911
36406
26760
51259
26583
26952
22988
42801
38651
43467
57071
38566
51376
60281
32054
58163
31468
23718
42233
21979
37745
56431
33494
23694
29741
65197
44975
41022
46409
24994
24821
50763
49396
28456
41003
22665
22079
26914
40750
67469
21811
30432
23577
53107
31758
23412
29722
64706
29045
28143
21974
53168
45605
71304
37203
33179
27675
41341
34782
64400
34137
26404
45795
29890
23033
22933
51123
46711
32570
28721
32764
22865
26244
29334
22370
33826
36841
39023
29544
23460
23156
24110
23771
23022
21885
25452
34028
24940
50330
28563
71657
42654
23807
22454
21884
24443
37411
32359
44999
24726
32853
48593
31173
22550
27722
31442
72915
30117
62265
24562
22711
34869
24178
50773
23786
24950
23954
36631
55082
31659
49082
21874
30753
36541
34261
21760
22221
23336
23838
25090
24251
32058
23472
45487
44614
44103
31830
47034
47513
28443
34847
65034
30633
35444
28696
38128
45073
44117
33839
37251
63463
32298
25489
37661
27173
29560
24940
25322
27695
39197
25362
25221
59806
27582
24057
33147
53221
50805
25174
28540
66166
35640
24630
59432
21797
22950
25933
23852
22556
26628
23461
34017
40283
47551
26833
41533
62563
29403
55164
24248
44153
30683
29768
23515
22640
47216
27100
29760
61482
28019
56910
35721
25039
28125
41177
22417
22390
40771
36813
25898
41248
31462
39555
22669
31112
30327
21750
48467
33303
27099
26707
32839
70462
63458
39390
44895
22041
25835
27257
57101
21909
41120
22218
27282
28806
36054
49931
26519
43672
27576
31069
27755
27461
36922
66022
31405
25090
23985
22183
24720
34408
25456
52808
26351
62426
26343
53891
22602
22334
27551
69890
22904
25379
23668
61218
22253
44359
21876
49326
34691
25881
25229
24621
21876
22736
23451
23732
34378
42282
37856
27781
46498
38217
27438
26483
23197
43493
47844
32285
56087
42338
24168
22561
24386
29172
25886
26690
37881
22583
23359
27648
24289
22186
41270
62125
23241
27046
42556
61755
32537
37484
77441
25778
23125
33914
27953
38330
40138
43784
23257
32719
34967
59896
34352
28387
63610
37472
24721
38417
64722
32652
22237
22423
61235
24017
23781
23314
42358
35030
23419
22977
27585
28445
40782
31196
21747
22968
24034
41786
46120
25512
33898
34270
39332
31834
30268
26381
21818
23096
25676
25730
34043
24144
21815
33666
24069
66453
38027
46852
32532
23227
28245
24293
64073
29314
21868
49898
22020
43748
22387
79864
28651
26869
22763
62469
48758
22845
22165
22140
22694
40935
33854
29233
73692
38433
30020
27948
29638
46934
22212
23307
21742
27821
55258
26267
21810
23319
25394
50194
22357
39396
40333
41977
34883
28209
43603
80881
42008
23608
45729
22402
30966
23033
24036
43484
43675
32899
28615
28903
29091
53379
23276
38504
34710
56732
30659
21990
22005
28178
23587
35469
42598
26316
27412
49756
44481
23965
37039
26263
23308
23501
23956
28496
27259
28834
24283
25325
25038
30316
62992
26751
27483
21780
46966
27124
52113
24136
21795
45825
27076
39865
46771
23167
30841
61952
31060
24707
25722
29998
26546
34167
59855
31064
22061
47908
27967
23279
31572
26356
25889
68157
60674
44490
41673
30577
27529
55732
21809
62424
26703
39706
25430
70833
42654
36492
22137
64526
48303
48554
57078
28194
72852
23712
27377
33655
32081
35656
27977
44518
29219
23536
24032
26898
58468
34390
25349
32299
44377
31666
23130
24903
37281
25529
35342
25813
25653
23144
31189
45569
24761
28376
26563
24048
25507
59710
28478
34300
41167
23113
58062
29626
26055
62385
25731
61429
30932
22399
22530
36685
32516
42315
33983
26395
28824
22554
22917
52859
30596
24008
22301
62060
23445
43243
31399
67041
54386
39496
25391
28789
27274
58015
23066
24156
21780
35515
25978
44713
33453
24321
21943
31806
29519
22328
31147
28602
31664
27602
57366
63305
31206
48315
28575
28640
54746
69833
50309
38638
23366
27696
37808
22024
38918
29690
22262
28423
53559
29848
32138
34008
33057
62861
44178
23574
23576
26443
63724
51940
25833
37824
48834
33374
23076
23355
22378
55278
28774
24249
23390
37186
48671
58175
32354
21869
32000
35512
45270
69712
53286
33646
24008
24804
35323
22117
29326
51239
31723
24719
65734
38897
29142
41201
22673
34041
65997
31570
23009
26961
45452
22280
35716
50105
36134
49642
39532
47987
44600
62061
36276
40881
78478
35053
22421
32297
49586
25584
22925
33998
50228
23310
43712
34803
32413
32463
51970
46290
58685
46503
50848
71747
27190
41898
25598
51434
23408
51481
24113
34432
49129
22529
39490
38319
23534
23770
36433
29330
29789
33908
45521
23647
26778
55333
34079
28123
36064
42182
55772
43025
69036
72009
31815
42590
25720
55576
21806
32845
29993
55224
24620
22402
21946
22958
22360
55355
43219
34548
25140
24598
21710
23158
27422
21861
25190
23124
35969
27807
22166
29983
24630
36117
31159
33028
46306
37789
28001
31985
45594
28258
26886
26145
40250
29023
22530
28888
28451
40002
50886
23716
21903
40374
25849
36533
23411
23824
29722
33027
56123
22752
40118
32654
43652
35553
66960
35688
42964
78385
22919
29759
22449
23019
31537
27694
36300
23397
32721
22262
29253
50137
35594
49172
45452
49886
23978
25607
36691
21797
42491
25618
41174
32785
55584
25601
33244
28673
41371
48935
23945
23985
42128
32095
21845
29404
27166
23772
23269
56049
49031
55275
40210
25184
76643
39852
26402
32890
25058
56411
26526
22812
46621
23215
27048
32679
21764
33184
36560
22968
31501
22357
32404
25309
34004
65593
56760
22082
23202
31843
32094
43392
59785
28915
21693
45188
36335
43184
42549
30019
43099
43406
23461
34953
33247
23908
23526
43502
37492
21975
37506
27288
39851
37531
25365
25436
31204
28844
35032
28500
24115
22788
29837
21751
25515
61321
35176
74721
30212
51937
46564
54911
31274
22269
23214
23077
45808
44604
47519
22625
22064
23465
63244
25053
25375
22136
34631
34067
25046
50860
25470
28342
22436
21797
35668
24460
31463
41445
23060
60369
26149
30773
21843
40693
35480
44765
51412
28232
53327
74271
21813
31423
21745
22627
23066
45593
36260
56824
35315
43550
31736
45203
24144
41438
75170
55300
24600
22407
45515
28455
44053
21813
70682
63838
29524
24126
22747
30768
32050
23944
27915
24985
38940
25699
22662
39311
49607
22152
34176
33477
55279
27103
55274
36227
59745
22578
34498
26199
23463
38752
41005
32463
31041
27682
25150
30346
28502
30669
28621
27157
23986
28743
24707
22713
33785
41476
24582
35699
68238
24712
28600
24463
36313
40923
68430
24186
22275
24516
27998
25396
71217
77105
28230
40302
48572
68608
41289
73943
26616
27691
48767
27757
51573
67421
61991
26873
21718
41865
58988
65764
34167
25836
32049
26069
38785
22077
24265
52831
26129
22034
49170
24811
27448
30161
53726
49674
22347
31525
42274
41892
25848
24307
25046
26351
33368
22105
61487
23777
40500
28270
32678
31471
22514
22754
22344
29526
55906
48322
22389
27111
22065
23849
23945
39140
29457
49871
23632
21909
53336
24971
31158
24656
30014
27620
50773
25157
22174
22065
39903
72533
33596
31977
81098
68118
27380
23476
35958
33902
29890
32674
35271
25268
29273
39482
44425
41523
27329
25066
52358
28856
74042
77077
37568
36309
27908
24609
28436
28400
22192
26330
30357
26940
47828
29741
52838
38558
26970
28007
23949
26333
26818
22521
26976
57388
24610
24547
58355
53509
34440
22592
42568
57105
82665
44101
26976
21807
26594
29575
22850
61436
32417
64257
22493
22318
37054
22629
47858
22635
37487
37063
27674
43248
37541
23773
34191
22803
44695
31416
76559
22214
32829
31693
60491
36455
24240
26820
32051
35371
25179
26641
34223
28007
22257
38744
23465
27387
27277
55390
22131
27751
28152
23915
33288
50486
62164
22399
33554
36813
26980
27962
40796
34428
25357
25799
26895
34156
57274
33634
22003
52638
25406
22109
37806
37376
25659
27020
22013
50384
33313
28731
22509
33545
21598
25175
24394
54971
28310
22855
25395
26942
26210
30987
37143
38915
60018
52051
51950
48178
38110
31643
23445
37067
44742
25906
33370
23312
23749
25659
27151
26344
37135
78655
30084
55871
34003
37897
43398
26822
43305
31525
22788
41650
37179
23076
70146
24725
25644
48918
24310
31537
63235
73147
72312
73154
24997
46264
45301
63899
29607
49357
30061
22664
49151
24351
62426
47692
27527
23250
27660
58695
37981
54525
23374
58509
25402
23298
27106
41107
23675
21749
22680
62447
30793
25544
26122
39429
32867
30191
35802
22585
22655
32422
37405
25896
54299
41101
28785
39989
24139
22036
29560
30339
40068
66002
23633
23857
28493
54770
51903
35572
26575
46991
24549
58158
28337
22855
58756
23564
22249
33759
43362
35399
25998
30191
38759
40403
26531
51360
28867
30976
49120
35932
23224
47219
41530
23775
63616
26038
63936
22743
30267
22239
22871
32269
43931
25495
48842
28019
47757
22065
24084
25169
45978
27324
27221
21996
46548
66540
25333
43208
29857
23003
35244
28767
33425
28876
35519
61490
24924
42758
32942
66770
23234
75032
27909
60782